u= [0.300278513366486, 0.312178635183805, 0.03845722788873]
u= [0.470303036491528, 0.92355946820395, 0.0454420685048411]
u=[0.300278513366486, 0.312178635183805, 0.03845722788873]
v=[0.470303036491528, 0.92355946820395, 0.0454420685048411]

