u= [0.699433102132489, 0.85774763014994, 0.862764712824842]
u= [0.708596117193157, 0.0147023350068845, 0.803587561381789]
u=[0.699433102132489, 0.85774763014994, 0.862764712824842]
v=[0.708596117193157, 0.0147023350068845, 0.803587561381789]

-u = [-0.699433102132489, -0.85774763014994, -0.862764712824842]
t  = [-0.699433102132489, -0.85774763014994, -0.862764712824842]
test 'unary -' passed

u-v = [-0.00916301506066841, 0.843045295143055, 0.0591771514430535]
t   = [-0.00916301506066841, 0.843045295143055, 0.0591771514430535]
test 'operator-' passed

u+v = [1.40802921932565, 0.872449965156824, 1.66635227420663]
t   = [1.40802921932565, 0.872449965156824, 1.66635227420663]
test 'operator+' passed

u*c = [0.450650661496716, 0.552654050467132, 0.555886599254622]
t   = [0.450650661496716, 0.552654050467132, 0.555886599254622]
test 'operator*' passed

u%v=1.20153346504245
u.dot(v)=1.20153346504245
d  =1.20153346504245
test 'operator%' passed
test '.dot()' passed

