u= [0.841715961155349, 0.732761339160037, 0.225260094844392]
u= [0.523450164833781, 0.966306784640209, 0.911610766738472]
u=[0.841715961155349, 0.732761339160037, 0.225260094844392]
v=[0.523450164833781, 0.966306784640209, 0.911610766738472]

-u = [-0.841715961155349, -0.732761339160037, -0.225260094844392]
t  = [-0.841715961155349, -0.732761339160037, -0.225260094844392]
test 'unary -' passed

u-v = [0.318265796321568, -0.233545445480172, -0.68635067189408]
t   = [0.318265796321568, -0.233545445480172, -0.68635067189408]
test 'operator-' passed

u+v = [1.36516612598913, 1.69906812380025, 1.13687086158286]
t   = [1.36516612598913, 1.69906812380025, 1.13687086158286]
test 'operator+' passed

u*c = [0.639780871758802, 0.556965425385858, 0.171218209589608]
t   = [0.639780871758802, 0.556965425385858, 0.171218209589608]
test 'operator*' passed

u%v=1.35401813993906
d  =1.35401813993906
test 'operator%' passed

