isid1
         1  -1.31e-14  -1.04e-14 
 -2.78e-16          1   -2.5e-16 
  1.48e-14   1.61e-14          1 
isid2
         1  -1.19e-15    1.1e-15 
 -7.77e-16          1  -5.41e-16 
  1.22e-15          0          1 
isid3
         1  -6.11e-16  -1.11e-16   2.78e-16  -2.22e-16  -1.67e-16 
 -3.37e-16          1  -5.55e-17   -2.5e-16  -5.55e-17  -6.66e-16 
 -1.94e-16  -2.78e-16          1   5.55e-16   4.44e-16  -1.11e-16 
  2.36e-16   -8.6e-16   4.44e-16          1  -2.22e-16   5.55e-16 
 -2.57e-16  -3.89e-16   2.22e-16  -1.67e-16          1          0 
 -2.65e-16   -1.2e-15  -1.11e-16   5.83e-16  -2.78e-16          1 
