
     0.249      0.111      0.772      0.354     0.0286 
     0.111      0.467      0.658      0.944      0.248 
     0.772      0.658      0.433      0.101       0.32 
     0.354      0.944      0.101      0.642       0.99 
    0.0286      0.248       0.32       0.99      0.682 
W is     -0.985     -0.134      0.253      0.914       2.42 

     0.249      0.111      0.772      0.354     0.0286 
     0.111      0.467      0.658      0.944      0.248 
     0.772      0.658      0.433      0.101       0.32 
     0.354      0.944      0.101      0.642       0.99 
    0.0286      0.248       0.32       0.99      0.682 

    -0.985          0          0          0          0 
         0     -0.134          0          0          0 
         0          0      0.253          0          0 
         0          0          0      0.914          0 
         0          0          0          0       2.42 
