sqrt2^2 = 2 (should equal 2)
Gamma(1) = 0.999999989064903
Gamma(3) = 1.99999997812981
