sqrt2^2 = 2 (should equal 2)
Gamma(1) = 1.000000
Gamma(2) = 1.000000
Gamma(3) = 2.000000
Gamma(4) = 6.000000
Gamma(5) = 24.000000
Gamma(6) = 119.999999
Gamma(7) = 719.999992
Gamma(8) = 5039.999945
Gamma(9) = 40319.999559
Gamma(10) = 362879.997652
LnGamma(50) = 138.953805
LnGamma(70) = 220.065180
LnGamma(90) = 307.145667
LnGamma(110) = 398.811066
