sqrt2^2 = 2 (should equal 2)
Gamma(1) = 0.999999989064903
Gamma(2) = 0.999999989064903
Gamma(3) = 1.99999997812981
Gamma(4) = 5.99999993438942
Gamma(5) = 23.9999997375577
Gamma(6) = 119.999998687788
Gamma(7) = 719.99999212673
Gamma(8) = 5039.99994488711
Gamma(9) = 40319.9995590969
Gamma(10) = 362879.997652016
